105560
055550
034730
003550
086790
316140
071050
008930
029780
078930
004990
138040
001040
138930
004800
006260
003090
000240
139130
175330
000210
363280
001800
000070
006120
192400
010050
000640
035420
035720
259960
036570
018260
352820
251270
326030
035250
021240
028050
307950
012750
030000
012510
950210
052690
000150
005250
181710
032350
214320
023590
192080
079160
039130
034120
114090
005380
000270
012330
009540
010140
005387
042660
047810
010620
204320
064350
012450
005385
011210
009900
005850
064960
003620
075580
009680
003570
010690
214330
033530
000430
092200
005389
023800
308170
200880
028260
139480
008770
007070
081660
282330
023530
026960
047050
009240
004170
069960
111770
031430
001740
001120
018670
057050
005440
001530
071840
005390
339770
138250
093230
122900
017940
000050
900140
037710
207940
068270
302440
000100
128940
006280
019170
069620
011000
185750
003000
009420
003850
102460
005690
003520
033270
170900
007570
001060
271980
001630
001360
003060
009290
000020
293480
005500
003220
016580
005930
000660
005935
006400
066570
361610
009150
034220
011070
020150
272210
336260
000990
001440
336370
010120
248070
066575
004490
009450
025540
267260
097520
353200
192650
006405
195870
298040
001820
026890
051910
096770
051900
090430
010950
011170
009830
011790
161390
011780
267250
002790
285130
298020
014680
051915
002380
298050
010060
000880
120110
178920
073240
004000
006650
192820
005070
051905
093370
003240